 #Channel	Pedestal	Noise
       0	531.133390	9.269387
       1	526.597680	8.958321
       2	528.460790	9.094109
       3	532.631020	9.056106
       4	528.650790	9.187547
       5	528.063280	9.233006
       6	523.802770	9.233100
       7	523.945340	9.217284
       8	521.234770	9.282299
       9	529.934610	9.284085
      10	526.132820	9.282097
      11	525.220870	9.274005
      12	522.882930	9.332252
      13	524.837660	9.319441
      14	522.402460	9.367930
      15	523.842750	9.283477
      16	526.931630	9.402845
      17	524.388590	9.399427
      18	521.333590	9.394137
      19	523.221880	9.369278
      20	526.629370	9.469262
      21	522.871290	9.477851
      22	523.007300	9.457789
      23	518.537140	9.407050
      24	526.354460	9.507056
      25	523.524780	9.549579
      26	522.917590	9.499744
      27	522.767720	9.485882
      28	524.595650	9.590984
      29	521.631590	9.585682
      30	520.431180	9.608202
      31	521.130190	9.566093
      32	519.145820	9.601155
      33	522.526590	9.547034
      34	516.147870	29.738418
      35	519.442980	62.622689
      36	517.014420	52.269745
      37	522.108180	46.951572
      38	519.551160	44.573641
      39	525.243850	44.504406
      40	522.931430	43.473260
      41	519.724590	43.784960
      42	519.325400	43.113193
      43	519.007910	43.580999
      44	521.079270	43.222440
      45	522.045290	43.812974
      46	521.518640	43.166620
      47	523.264760	43.826620
      48	525.578570	43.107811
      49	521.582600	43.653948
      50	519.954210	43.003178
      51	518.827310	43.636570
      52	518.740040	43.037820
      53	517.487330	43.403407
      54	519.926030	42.966349
      55	524.887400	43.472969
      56	523.934960	42.863456
      57	522.725870	43.357026
      58	523.030680	42.834325
      59	519.042880	43.372551
      60	524.261980	42.837678
      61	523.191810	43.091163
      62	518.671270	42.887819
      63	521.646870	43.320108
      64	522.406590	42.809438
      65	524.948250	43.191208
      66	519.696110	42.607398
      67	524.491020	43.416252
      68	522.361960	42.710503
      69	520.140190	43.156242
      70	525.038490	42.690328
      71	522.069670	43.234094
      72	523.723150	42.868098
      73	525.097400	43.026158
      74	523.133340	42.771678
      75	526.199550	43.208755
      76	524.160800	42.716732
      77	525.305830	43.301139
      78	524.102480	42.879180
      79	524.898400	43.139867
      80	524.550050	42.761399
      81	524.458650	43.074263
      82	523.602360	42.571423
      83	521.192630	43.355017
      84	524.304890	42.766717
      85	521.660230	43.239020
      86	521.208540	42.556424
      87	523.084530	43.169287
      88	525.360460	42.714717
      89	521.275640	43.375143
      90	520.665380	42.785328
      91	521.092960	43.291745
      92	521.207270	42.849029
      93	524.750500	43.337576
      94	520.089850	42.745760
      95	518.967560	43.230076
      96	523.574440	42.988394
      97	520.749220	43.178690
      98	524.462470	43.040008
      99	525.545280	43.008623
     100	525.213630	42.935203
     101	526.273690	43.065310
     102	528.526520	42.847471
     103	529.921100	43.230434
     104	529.434910	42.990586
     105	528.633120	43.220676
     106	526.144520	43.075907
     107	525.589980	43.399389
     108	527.193680	43.852369
     109	524.568760	60.369953
     110	527.766540	96.378501
     111	526.665190	50.527997
     112	531.573140	58.482577
     113	530.964910	7.357400
     114	527.121810	9.847875
     115	529.990410	9.953117
     116	533.416320	10.024757
     117	531.739380	10.133110
     118	537.265530	10.190831
     119	535.581860	10.047677
     120	529.282220	10.196810
     121	529.769600	10.198924
     122	528.265890	10.178932
     123	525.289980	10.051239
     124	529.536940	9.966119
     125	528.395450	10.157855
     126	524.300890	10.118869
     127	531.630130	9.856601
     128	500.898640	76.637557
     129	504.731430	77.757882
     130	503.884470	77.744656
     131	499.987860	78.086694
     132	499.160320	78.026187
     133	501.925290	78.531124
     134	504.851880	78.516409
     135	500.217640	78.495011
     136	502.218230	78.639798
     137	502.479380	78.848902
     138	500.751830	78.694949
     139	503.227090	78.660429
     140	500.695480	79.253033
     141	501.382150	79.091394
     142	500.274800	79.486162
     143	500.696700	79.388501
     144	497.718820	79.581752
     145	498.295030	79.691613
     146	498.647920	79.497443
     147	502.420200	79.652606
     148	502.785500	79.961867
     149	498.922200	79.824372
     150	499.906020	80.147114
     151	502.571450	80.205738
     152	499.862430	80.303455
     153	501.758090	80.522925
     154	501.078720	80.323469
     155	501.854550	80.564940
     156	496.966110	81.012099
     157	496.984510	80.971337
     158	497.915560	81.035602
     159	495.014900	81.004939
     160	496.370880	81.720064
     161	496.784680	81.811912
     162	500.918010	93.853276
     163	503.146310	223.229651
     164	503.628440	224.012172
     165	504.819220	219.784503
     166	495.015670	214.740108
     167	499.057290	213.976961
     168	500.088640	211.676795
     169	499.636480	212.488161
     170	502.200480	211.604485
     171	498.665370	212.816965
     172	496.615930	211.642876
     173	499.884780	212.176981
     174	502.001130	212.178029
     175	498.294240	212.562850
     176	502.816490	211.884448
     177	501.635700	212.301605
     178	507.423470	211.498355
     179	498.791260	211.984576
     180	502.928750	211.243942
     181	501.663990	212.275378
     182	503.694930	211.090265
     183	501.214140	211.878736
     184	505.388870	210.906199
     185	505.846870	211.615583
     186	503.044050	210.984258
     187	505.915990	211.991101
     188	508.341590	210.551991
     189	507.428660	211.829388
     190	504.320310	211.102072
     191	503.019890	211.836440
     192	509.542840	210.510482
     193	506.143480	212.222298
     194	505.313760	210.435727
     195	512.734200	212.031963
     196	507.436820	211.033092
     197	504.912420	212.267337
     198	510.176970	210.373484
     199	508.261680	212.016356
     200	509.734520	210.459178
     201	510.284500	212.005834
     202	506.581990	210.361856
     203	510.315760	211.364849
     204	509.265650	210.326563
     205	508.912960	211.723972
     206	509.231110	210.656303
     207	512.736960	211.752797
     208	507.420800	210.067799
     209	510.818610	211.520785
     210	510.024390	210.220444
     211	506.023990	211.122504
     212	510.250540	209.472958
     213	511.836410	211.220111
     214	510.416430	210.289901
     215	510.614820	211.222106
     216	512.361200	209.903623
     217	507.128920	211.016687
     218	510.439070	210.147321
     219	515.066300	211.332405
     220	514.875950	209.377591
     221	517.013590	211.063375
     222	514.271770	210.066668
     223	511.755110	210.628926
     224	514.077630	209.987996
     225	516.702740	210.354541
     226	514.325870	209.172290
     227	515.272940	210.366206
     228	519.703540	208.985716
     229	520.599540	210.411605
     230	519.325890	209.422200
     231	519.620140	210.324158
     232	516.339000	209.281554
     233	518.897250	210.458811
     234	520.774620	209.894454
     235	515.191640	211.308758
     236	526.270800	210.925053
     237	528.370550	225.214171
     238	527.668350	282.476539
     239	526.897180	222.046333
     240	527.782470	207.934671
     241	526.843200	75.985268
     242	526.756970	84.111257
     243	523.639670	84.998162
     244	526.235530	85.200370
     245	529.810680	84.964267
     246	529.612400	84.912808
     247	530.653300	85.212866
     248	524.348820	85.411387
     249	526.264080	85.237063
     250	531.636570	84.998987
     251	528.385120	85.426098
     252	525.781420	85.514152
     253	527.207760	85.717495
     254	530.302840	85.382497
     255	523.363010	85.572253
